SVM-HMM (With Sentiment Data)
F-Measure: 0.509803921569
Accuracy: 0.583333333333
Recall: 0.440677966102
Precision:  0.604651162791
SETTINGS: 
 c_values = [19, 24, 51, 26, 36, 52, 8, 9, 47, 58, 48, 52, 54, 47, 41, 21, 2, 2, 33, 7, 5, 2, 3, 3, 45, 4, 56, 24,
                24, 58, 40, 9, 8, 7, 21, 42, 2, 4, 5, 46, 49, 56, 3, 28, 29, 20, 52, 17, 5, 6, 6, 8, 15, 8, 4, 8, 8, 32,
                7, 4, 3, 7, 5, 6, 10, 7, 8, 9, 5, 55, 4, 45, 16, 10, 24, 9, 10, 12, 11, 18, 12, 12, 9, 19, 24, 46, 47,
                29, 44, 41, 15, 33, 35, 8, 2, 46, 4, 5, 6, 9, 8, 9, 7, 5, 6, 16, 14, 14, 5, 11, 7, 52, 2, 8, 9, 49, 3,
                4, 3, 3]
RANGE: 2 - 60 
thresh=1e-7, 
n_iter=300
window range: 20
--------------------------------------------------------------
SVM-HMM (No sentiment data)
F-Measure: 0.550458715596
Accuracy: 0.591666666667
Recall: 0.508474576271
Precision:  0.6
c_values = [14, 66, 27, 15, 19, 29, 24, 38, 22, 6, 47, 11, 8, 8, 39, 24, 16, 12, 13, 92, 2, 6, 4, 15, 5, 36, 33, 46,
                12, 6, 55, 50, 32, 61, 46, 2, 52, 2, 68, 1, 80, 1, 2, 16, 1, 70, 17, 8, 4, 7, 6, 5, 7, 6, 3, 11, 5, 2,
                2, 2, 4, 2, 6, 16, 11, 10, 9, 8, 15, 6, 6, 7, 15, 6, 6, 12, 12, 6, 7, 8, 10, 7, 5, 12, 9, 7, 3, 8, 89,
                3, 37, 4, 1, 1, 2, 2, 2, 1, 1, 1, 9, 6, 94, 24, 28, 82, 49, 22, 40, 16, 36, 9, 9, 92, 16, 40, 3, 1, 1,
                2]

RANGE: 2-60 
pca: 6 components
thresh: 1e-3
n_iter=200
prediction_win : 20 