SVM-HMM (With Sentiment Data)
F-Measure: 0.549618320611
Accuracy: 0.508333333333
Recall: 0.529411764706
Precision:  0.571428571429
SETTINGS: 
 c_values =[7, 19, 28, 21, 22, 4, 28, 37, 36, 42, 24, 32, 19, 37, 37, 13, 9, 9, 15, 59, 34, 56, 37, 37, 4, 25, 15,
                11, 40, 30, 25, 16, 44, 58, 50, 39, 34, 23, 7, 7, 8, 14, 49, 21, 31, 53, 53, 53, 52, 59, 34, 39, 45, 58,
                27, 26, 36, 41, 25, 3, 8, 20, 54, 6, 7, 8, 47, 9, 7, 7, 9, 6, 6, 8, 14, 3, 4, 8, 32, 4, 5, 8, 4, 24, 41,
                44, 11, 13, 14, 45, 7, 59, 43, 5, 4, 27, 27, 47, 52, 14, 18, 38, 59, 7, 2, 6, 55, 5, 57, 2, 11, 50, 57,
                58, 33, 54, 54, 44, 45, 52]
RANGE: 2 - 60 
--------------------------------------------------------------
SVM-HMM (No sentiment data)
F-Measure: 0.624113475177
Accuracy: 0.558333333333
Recall: 0.647058823529
Precision:  0.602739726027
 c_values = [26, 3, 29, 16, 5, 5, 7, 14, 5, 5, 5, 17, 13, 12, 2, 8, 4, 5, 5, 4, 44, 13, 6, 6, 3, 3, 6, 4, 3, 3, 2, 3,
                3, 35, 3, 20, 5, 3, 7, 8, 54, 27, 45, 56, 27, 53, 14, 39, 26, 39, 34, 55, 7, 28, 20, 54, 49, 9, 3, 6, 9,
                3, 3, 6, 7, 7, 7, 35, 5, 14, 11, 51, 9, 7, 59, 9, 7, 3, 9, 11, 14, 4, 8, 22, 29, 14, 26, 14, 56, 42, 44,
                55, 58, 5, 4, 28, 28, 56, 56, 17, 11, 30, 19, 17, 20, 2, 59, 22, 13, 3, 3, 9, 9, 4, 23, 22, 22, 18, 44,
                43]

RANGE: 1-50 