F-Measure: 0.430107526882
Accuracy: 0.558333333333
Recall: 0.37037037037
Precision:  0.512820512821
C-Values= [10, 9, 24, 2, 2, 31, 1, 38, 15, 2, 2, 3, 43, 3, 6, 9, 31, 15, 49, 6, 5, 9, 2, 10, 1, 9, 2, 37, 7, 4, 34,
                20, 11, 31, 51, 25, 16, 21, 55, 2, 33, 25, 12, 3, 6, 1, 37, 37, 4, 3, 8, 23, 4, 5, 3, 30, 21, 5, 5, 6,
                16, 31, 45, 15, 4, 32, 10, 40, 56, 23, 11, 23, 59, 59, 33, 25, 2, 57, 8, 16, 20, 17, 30, 1, 56, 25, 8,
                19, 13, 59, 13, 19, 17, 20, 17, 19, 20, 12, 14, 11, 29, 6, 10, 24, 2, 2, 5, 10, 3, 3, 2, 6, 3, 49, 51,
                42, 16, 23, 13, 2]
RANGE: 2-60
WINDOW: 320
PCA:no 
prediction window: 1