SVM-HMM (With Sentiment Data)
F-Measure: 0.619047619048
Accuracy: 0.6
Recall: 0.565217391304
Precision:  0.684210526316
Precision:  0.6
SETTINGS: 
 c_values = [35, 17, 47, 2, 3, 33, 2, 7, 3, 16, 22, 15, 8, 50, 8, 11, 13, 8, 33, 33, 4, 9, 2, 12, 2, 2, 7, 4, 23, 6,
                4, 3, 2, 6, 5, 5, 2, 2, 7, 4, 2, 22, 23, 33, 28, 45, 46, 4, 12, 27, 9, 52, 46, 46, 40, 8, 9, 6, 6, 38,
                2, 2, 2, 3, 14, 3, 46, 10, 8, 7, 6, 11, 2, 2, 4, 3, 5, 10, 5, 2, 6, 6, 8, 3, 6, 7, 37, 4, 2, 12, 28, 4,
                6, 14, 14, 4, 17, 5, 8, 8, 59, 56, 46, 59, 24, 8, 7, 8, 59, 31, 25, 26, 49, 50, 55, 46, 43, 14, 4, 6]
RANGE: 2 - 60 
PCA: 6 components
window size: 60 
prediction window size: 10 
--------------------------------------------------------------
SVM-HMM (No sentiment data)