SVM-HMM (With Sentiment Data)
F-Measure: 0.430107526882
Accuracy: 0.558333333333
Recall: 0.37037037037
Precision:  0.512820512821
SETTINGS: 
 c_values = [29, 2, 52, 49, 25, 57, 59, 17, 2, 18, 37, 24, 32, 6, 2, 31, 38, 48, 50, 26, 4, 2, 4, 7, 42, 7, 5, 3, 54,
                53, 9, 6, 2, 14, 14, 3, 13, 25, 17, 10, 56, 4, 35, 14, 3, 2, 12, 5, 5, 4, 5, 2, 4, 2, 2, 6, 2, 4, 2, 2,
                8, 12, 5, 2, 11, 11, 3, 11, 3, 16, 33, 32, 21, 23, 16, 6, 13, 2, 7, 6, 3, 13, 35, 4, 40, 25, 5, 23, 46,
                4, 2, 2, 2, 10, 8, 4, 2, 2, 2, 2, 3, 7, 3, 4, 4, 3, 5, 3, 4, 4, 4, 2, 36, 3, 56, 43, 11, 9, 44, 22]
RANGE: 2 - 60 
PCA: 6 components
window size: 320 
prediction window size: 10 
--------------------------------------------------------------
SVM-HMM (No sentiment data)