SVM-HMM (With Sentiment Data)
F-Measure: 0.657534246575
Accuracy: 0.583333333333
Recall: 0.716417910448
Precision:  0.607594936709
---Settings 
c_values =  [3, 59, 58, 38, 2, 2, 2, 4, 7, 29, 3, 20, 5, 8, 12, 6, 10, 48, 7, 21, 14, 4, 8, 7, 4, 5, 10, 9, 10, 20,
                8, 8, 7, 11, 11, 9, 26, 14, 20, 13, 23, 51, 27, 22, 22, 46, 36, 54, 50, 7, 7, 2, 59, 55, 15, 39, 58, 36,
                59, 30, 18, 12, 19, 17, 50, 11, 28, 31, 11, 11, 26, 58, 2, 3, 2, 8, 6, 10, 10, 56, 48, 34, 36, 2, 3, 5,
                2, 4, 3, 2, 5, 5, 54, 47, 30, 5, 7, 7, 12, 9, 14, 56, 54, 31, 58, 15, 33, 24, 36, 51, 29, 44, 38, 24,
                34, 17, 56, 36, 43, 59]
	RANGE: 2 - 60 
	SVM-RAND: 100
	PREDICTION WINDOW: 20 
--------------------------------------------------------------
SVM-HMM (No sentiment data)

F-Measure: 0.6625
Accuracy: 0.55
Recall: 0.791044776119
Precision:  0.569892473118
C_values =  [44, 40, 36, 54, 41, 58, 40, 45, 44, 6, 10, 42, 56, 55, 8, 55, 58, 8, 28, 48, 15, 25, 27, 6, 9, 19, 8,
                43, 57, 17, 16, 16, 21, 46, 9, 29, 50, 7, 20, 36, 13, 37, 16, 8, 31, 59, 59, 19, 46, 45, 59, 58, 59, 54,
                58, 12, 8, 18, 46, 51, 20, 9, 51, 14, 13, 5, 35, 57, 3, 2, 3, 3, 2, 2, 2, 20, 25, 11, 26, 19, 11, 26, 7,
                24, 7, 9, 7, 17, 18, 26, 20, 6, 9, 10, 16, 4, 4, 8, 37, 32, 14, 41, 16, 19, 22, 33, 58, 58, 59, 32, 51,
                18, 53, 41, 41, 40, 50, 59, 57, 57]
RANGE: 2 - 60 
THRESH= 1e-7, n_iter=200


F-Measure: 0.687116564417
Accuracy: 0.575
Recall: 0.835820895522
Precision:  0.583333333333
 [44, 40, 36, 54, 41, 58, 40, 45, 44, 6, 10, 42, 56, 55, 8, 55, 58, 8, 28, 48, 15, 25, 27, 6, 9, 19, 8,
                43, 57, 17, 16, 16, 21, 46, 9, 29, 50, 7, 20, 36, 13, 37, 16, 8, 31, 59, 59, 19, 46, 45, 59, 58, 59, 54,
                58, 12, 8, 18, 46, 51, 20, 9, 51, 14, 13, 5, 35, 57, 3, 2, 3, 3, 2, 2, 2, 20, 25, 11, 26, 19, 11, 26, 7,
                24, 7, 9, 7, 17, 18, 26, 20, 6, 9, 10, 16, 4, 4, 8, 37, 32, 14, 41, 16, 19, 22, 33, 58, 58, 59, 32, 51,
                18, 53, 41, 41, 40, 50, 59, 57, 57]

thresh=1e-5, n_iter=300,