SVM-HMM (With Sentiment Data)
F-Measure: 0.521008403361
Accuracy: 0.525
Recall: 0.484375
Precision:  0.563636363636
SETTINGS: 
 c_values = [14, 30, 27, 46, 39, 2, 52, 2, 49, 6, 36, 46, 19, 2, 2, 7, 5, 3, 2, 3, 2, 2, 2, 2, 6, 2, 3, 2, 2, 6, 6,
                20, 12, 19, 45, 14, 11, 7, 17, 7, 4, 2, 13, 29, 15, 25, 5, 2, 8, 15, 53, 28, 4, 23, 15, 23, 29, 6, 8, 3,
                34, 2, 6, 7, 7, 2, 3, 5, 28, 3, 2, 8, 54, 48, 7, 5, 14, 23, 15, 49, 5, 48, 4, 4, 32, 56, 7, 5, 5, 14,
                28, 14, 48, 48, 53, 55, 56, 9, 53, 9, 40, 11, 14, 35, 23, 55, 29, 30, 33, 6, 48, 44, 54, 36, 39, 40, 7,
                5, 31, 53]
RANGE: 2 - 60 
PCA: 6 components
window size: 120 
prediction window size: 10 
limit= 1e-7
--------------------------------------------------------------
SVM-HMM (No sentiment data)