SVM-HMM (With Sentiment Data)
F-Measure: 0.344827586207
Accuracy: 0.525
Recall: 0.254237288136
Precision:  0.535714285714
---Settings 
c_values =   [6, 25, 12, 15, 2, 16, 28, 19, 59, 14, 11, 58, 23, 10, 29, 5, 3, 2, 2, 2, 2, 2, 2, 2, 2, 2, 2, 2, 2, 2,
                3, 3, 2, 2, 2, 2, 2, 3, 3, 25, 4, 4, 2, 10, 2, 2, 3, 2, 2, 2, 3, 2, 2, 2, 2, 3, 2, 3, 15, 8, 13, 13, 5,
                5, 2, 8, 6, 2, 3, 23, 3, 4, 5, 7, 2, 6, 3, 11, 13, 4, 3, 4, 6, 8, 5, 3, 2, 3, 3, 2, 4, 3, 3, 21, 36, 2,
                2, 2, 2, 2, 2, 4, 13, 2, 2, 2, 5, 2, 2, 2, 2, 3, 2, 2, 7, 5, 22, 18, 23, 34]
	RANGE: 2 - 60 
	SVM-RAND: 100
	PREDICTION WINDOW: 10 
	thresh= 1e-7 
--------------------------------------------------------------

F-Measure: 0.347826086957
Accuracy: 0.5
Recall: 0.271186440678
Precision:  0.484848484848

  c_values = [1, 22, 25, 14, 37, 31, 1, 5, 55, 26, 11, 22, 12, 15, 12, 22, 1, 1, 1, 1, 1, 2, 1, 1, 1, 1, 1, 1, 1, 1,
                1, 1, 1, 1, 1, 1, 2, 3, 2, 4, 2, 1, 1, 1, 5, 1, 1, 1, 2, 1, 1, 1, 1, 1, 1, 1, 1, 2, 1, 3, 2, 7, 15, 59,
                4, 6, 10, 3, 2, 1, 3, 2, 3, 1, 1, 1, 8, 11, 14, 7, 16, 5, 5, 3, 1, 3, 2, 2, 2, 2, 2, 2, 2, 17, 6, 1, 2,
                1, 3, 41, 5, 5, 4, 49, 3, 17, 89, 80, 93, 41, 7, 31, 21, 21, 15, 14, 8, 12, 22, 27]