SVM-HMM (With Sentiment Data)
F-Measure: 0.628571428571
Accuracy: 0.566666666667
Recall: 0.666666666667
Precision:  0.594594594595
---Settings 
c_values = [12, 31, 24, 49, 45, 38, 35, 11, 9, 8, 6, 5, 11, 9, 7, 2, 1, 1, 27, 1, 1, 1, 3, 1, 2, 2, 1, 3, 1, 2, 3,
                4, 2, 1, 44, 45, 36, 5, 5, 9, 10, 30, 1, 32, 4, 1, 2, 9, 23, 23, 2, 1, 2, 1, 2, 1, 1, 1, 1, 1, 30, 1,
                12, 42, 1, 25, 1, 1, 1, 1, 1, 1, 1, 1, 1, 1, 1, 1, 1, 3, 1, 1, 1, 1, 1, 2, 8, 10, 1, 2, 2, 5, 4, 5, 4,
                4, 5, 2, 1, 1, 1, 1, 1, 1, 4, 30, 2, 3, 7, 14, 26, 24, 5, 4, 3, 49, 48, 41, 31, 1]
	SVM-RAND: 100
window: 320
	PREDICTION WINDOW: 20 

----------------------------------------(With NO sentiment data)
F-Measure: 0.6
Accuracy: 0.566666666667
Recall: 0.590909090909
Precision:  0.609375

 c_values = [11, 20, 40, 28, 1, 6, 4, 4, 3, 29, 3, 2, 3, 5, 6, 2, 1, 1, 1, 1, 2, 4, 1, 1, 1, 1, 1, 2, 1, 2, 3, 4, 1,
                1, 1, 46, 32, 5, 6, 4, 15, 1, 96, 50, 4, 1, 1, 1, 20, 1, 2, 1, 3, 2, 2, 3, 2, 1, 1, 1, 7, 1, 8, 1, 1, 1,
                1, 82, 1, 1, 98, 1, 1, 1, 1, 1, 1, 1, 1, 3, 1, 1, 8, 1, 2, 12, 1, 1, 1, 3, 3, 4, 4, 5, 6, 3, 5, 3, 3, 1,
                1, 1, 2, 1, 2, 2, 52, 65, 8, 15, 2, 27, 15, 16, 13, 44, 71, 30, 59, 1]

WINDOW: 320 
prediction window: 20 