F-Measure: 0.54
Accuracy: 0.616666666667
Recall: 0.457627118644
Precision:  0.658536585366

prediction window: 20 
pca: 6
n_iter = 10000
thresh == 1e-3
c values [26, 46, 23, 84, 72, 28, 76, 4, 35, 20, 13, 11, 3, 58, 68, 10, 33, 29, 12, 8, 6, 71, 7, 46, 10, 6, 90,
                55, 17, 47, 56, 11, 31, 67, 6, 3, 1, 1, 25, 1, 2, 7, 3, 3, 3, 2, 1, 2, 2, 4, 3, 47, 8, 64, 4, 32, 2, 33,
                2, 2, 2, 7, 2, 85, 94, 68, 2, 2, 1, 2, 2, 77, 83, 26, 19, 9, 97, 69, 2, 97, 5, 90, 83, 3, 3, 3, 55, 2,
                2, 1, 1, 1, 5, 1, 3, 1, 25, 10, 11, 26, 14, 8, 7, 13, 88, 5, 8, 8, 8, 65, 13, 41, 20, 14, 9, 12, 4, 1,
                1, 1]