F-Measure: 0.608695652174
Accuracy: 0.55
Recall: 0.6
Precision:  0.617647058824

prediction window: 20 
pca: 6
thresh=1e-5, n_iter=300
window: 320

c values [31, 54, 16, 17, 15, 72, 39, 30, 96, 1, 66, 63, 80, 98, 92, 34, 54, 20, 14, 17, 92, 15, 94, 17, 17, 27,
                45, 25, 35, 26, 32, 90, 59, 31, 32, 3, 2, 61, 1, 1, 4, 11, 20, 12, 19, 65, 5, 3, 4, 8, 15, 5, 9, 9, 8,
                6, 9, 9, 14, 18, 91, 70, 3, 10, 9, 9, 1, 1, 1, 1, 1, 1, 1, 11, 2, 1, 18, 1, 22, 13, 3, 5, 21, 5, 5, 6,
                2, 1, 1, 1, 1, 1, 1, 2, 2, 3, 2, 1, 2, 1, 1, 1, 1, 1, 2, 2, 34, 25, 3, 1, 1, 4, 5, 1, 2, 3, 3, 11, 5, 4]
