F-Measure: 0.601503759398
Accuracy: 0.558333333333
Recall: 0.588235294118
Precision:  0.615384615385


prediction window: 20 
pca: 6
thresh=1e-2, n_iter=300
window: 320
c values [46, 90, 31, 4, 53, 86, 28, 7, 27, 24, 69, 6, 19, 10, 10, 98, 66, 19, 2, 9, 5, 2, 6, 1, 3, 91, 50, 1, 3,
                87, 20, 4, 54, 94, 85, 13, 60, 13, 3, 2, 10, 54, 15, 82, 42, 18, 53, 19, 6, 6, 8, 2, 13, 2, 3, 82, 40,
                19, 5, 6, 6, 15, 98, 7, 4, 4, 5, 5, 8, 9, 9, 28, 6, 9, 59, 91, 50, 7, 50, 3, 11, 64, 25, 25, 81, 58, 84,
                54, 63, 7, 41, 8, 26, 13, 9, 5, 5, 11, 4, 16, 24, 14, 14, 11, 14, 9, 30, 16, 3, 4, 4, 7, 6, 7, 10, 1, 1,
                23, 18, 12]