F-Measure: 0.608
Accuracy: 0.591666666667
Recall: 0.64406779661
Precision:  0.575757575758


prediction window: 20 
pca: 6
thresh=1e-5, n_iter=300
window: 120
c values [5, 5, 7, 32, 35, 19, 2, 2, 3, 2, 7, 4, 20, 5, 1, 5, 3, 15, 8, 5, 13, 8, 16, 26, 12, 10, 29, 5, 12, 73,
                53, 14, 8, 13, 54, 7, 14, 22, 17, 3, 3, 4, 10, 19, 7, 7, 4, 4, 18, 20, 7, 32, 42, 3, 2, 13, 13, 99, 3,
                95, 13, 13, 1, 24, 13, 68, 43, 61, 1, 35, 8, 60, 1, 76, 3, 11, 5, 1, 1, 1, 1, 4, 77, 1, 13, 3, 3, 61,
                63, 29, 44, 51, 71, 21, 95, 33, 12, 39, 96, 65, 57, 30, 61, 44, 19, 16, 5, 5, 6, 4, 5, 5, 2, 30, 58, 23,
                15, 2, 47, 4]