F-Measure: 0.5625
Accuracy: 0.533333333333
Recall: 0.521739130435
Precision:  0.610169491525


prediction window: 10
window: 320  
pca: 6
thresh=1e-5, n_iter=300
c_values [6, 9, 15, 45, 1, 21, 19, 1, 1, 22, 8, 1, 1, 8, 29, 5, 1, 1, 1, 1, 1, 4, 1, 1, 1, 1, 1, 1, 4, 86, 1, 3,
                1, 1, 5, 10, 17, 68, 77, 97, 46, 73, 93, 46, 77, 98, 96, 77, 78, 82, 95, 54, 98, 92, 7, 99, 53, 80, 27,
                4, 75, 22, 26, 3, 5, 8, 8, 11, 13, 8, 29, 11, 9, 16, 18, 27, 12, 15, 5, 7, 1, 51, 23, 2, 1, 1, 19, 3, 3,
                3, 90, 5, 11, 4, 5, 70, 4, 30, 12, 4, 5, 3, 69, 45, 49, 14, 33, 8, 6, 15, 92, 78, 87, 17, 9, 99, 22, 31,
                72, 33]