FF-Measure: 0.566666666667
Accuracy: 0.566666666667
Recall: 0.62962962963
Precision:  0.515151515152


prediction window: 20
window: 60 
pca: 6
thresh=1e-5, n_iter=10000
c_values [9, 3, 1, 73, 1, 95, 37, 5, 39, 8, 48, 11, 5, 1, 11, 6, 2, 1, 1, 1, 21, 30, 49, 40, 39, 7, 1, 6, 2, 24,
                8, 24, 8, 4, 3, 97, 20, 2, 7, 2, 47, 11, 1, 3, 1, 99, 40, 97, 97, 27, 61, 17, 4, 4, 15, 10, 5, 8, 25,
                23, 17, 27, 23, 58, 44, 2, 19, 27, 16, 1, 30, 21, 29, 45, 5, 6, 5, 95, 7, 26, 19, 22, 30, 31, 10, 17,
                78, 3, 4, 34, 10, 7, 2, 9, 3, 91, 48, 3, 1, 94, 1, 52, 2, 12, 1, 1, 40, 1, 1, 2, 33, 1, 72, 93, 42, 3,
                1, 3, 4, 9]