F-Measure: 0.697986577181
Accuracy: 0.625
Recall: 0.776119402985
Precision:  0.634146341463


prediction window: 20
window: 320  
pca: 6
thresh=1e-3, n_iter=200
c_values  [92, 90, 90, 92, 94, 89, 77, 3, 3, 6, 6, 5, 6, 38, 2, 14, 26, 38, 21, 33, 24, 3, 56, 28, 37, 21, 4, 4,
                38, 74, 10, 16, 12, 12, 11, 36, 30, 14, 36, 16, 1, 49, 38, 50, 37, 79, 94, 66, 43, 7, 68, 90, 52, 57,
                58, 96, 66, 76, 96, 30, 23, 43, 61, 69, 91, 74, 61, 12, 11, 29, 26, 99, 97, 30, 91, 29, 1, 32, 31, 58,
                44, 49, 79, 23, 5, 5, 4, 36, 5, 1, 5, 5, 92, 86, 2, 1, 7, 37, 13, 53, 20, 97, 96, 32, 72, 93, 33, 92,
                18, 84, 80, 45, 56, 71, 14, 8, 18, 19, 13, 97]