F-Measure: 0.601503759398
Accuracy: 0.558333333333
Recall: 0.588235294118
Precision:  0.615384615385

prediction window: 20
window: 320  
pca: 6
thresh=1e-2
c_values [14, 30, 37, 31, 34, 12, 43, 1, 1, 3, 50, 2, 16, 95, 48, 32, 98, 81, 51, 43, 60, 94, 51, 55, 44, 44, 37,
                31, 21, 23, 12, 8, 8, 5, 5, 6, 6, 31, 40, 28, 16, 27, 44, 30, 31, 38, 40, 23, 55, 37, 46, 68, 49, 11,
                33, 44, 17, 10, 33, 9, 11, 73, 1, 10, 44, 13, 7, 7, 22, 61, 80, 80, 11, 13, 7, 7, 68, 22, 10, 11, 12,
                23, 4, 2, 3, 2, 1, 3, 54, 45, 50, 91, 7, 7, 4, 96, 18, 2, 13, 28, 4, 3, 97, 2, 1, 24, 58, 4, 2, 1, 1,
                65, 99, 47, 52, 3, 4, 9, 4, 4]