F-Measure: 0.425531914894
Accuracy: 0.55
Recall: 0.338983050847
Precision:  0.571428571429


prediction window: 20
window: 320  
pca: 6
thresh=1e-5, n_iter=300
c_values [7, 34, 15, 17, 2, 15, 1, 1, 2, 20, 60, 41, 7, 1, 36, 1, 1, 1, 1, 1, 2, 1, 2, 1, 1, 1, 1, 1, 1, 1, 1, 1,
                1, 1, 1, 1, 1, 1, 23, 1, 2, 16, 1, 14, 1, 1, 2, 1, 1, 1, 1, 2, 2, 5, 2, 74, 2, 3, 1, 1, 4, 2, 3, 5, 1,
                2, 1, 1, 1, 47, 1, 11, 1, 6, 2, 2, 3, 3, 2, 9, 4, 10, 2, 11, 4, 4, 37, 56, 18, 5, 3, 4, 43, 22, 36, 9,
                1, 1, 1, 1, 1, 62, 1, 1, 2, 2, 38, 1, 1, 1, 2, 3, 1, 2, 2, 4, 1, 1, 6, 32]