F-Measure: 0.593103448276
Accuracy: 0.508333333333
Recall: 0.651515151515
Precision:  0.544303797468


prediction window: 20
window: 320  
pca: 6
thresh=1e-3, n_iter=200
c_values[95, 31, 24, 49, 50, 38, 35, 11, 9, 8, 6, 5, 3, 6, 7, 2, 1, 1, 1, 1, 1, 5, 1, 1, 1, 1, 1, 9, 1, 2, 5, 3,
                2, 2, 2, 45, 39, 7, 5, 9, 77, 63, 1, 81, 4, 1, 3, 8, 23, 7, 2, 1, 3, 3, 2, 1, 1, 1, 7, 53, 69, 46, 13,
                97, 79, 10, 1, 1, 1, 1, 1, 8, 76, 1, 10, 1, 1, 2, 1, 2, 1, 1, 7, 1, 1, 3, 1, 14, 6, 2, 6, 4, 2, 5, 5, 3,
                2, 4, 1, 1, 1, 1, 3, 1, 2, 1, 66, 10, 2, 1, 1, 22, 15, 9, 22, 20, 69, 37, 94, 1]