SVM-HMM (With Sentiment Data)
F-Measure: 0.547008547009
Accuracy: 0.558333333333
Recall: 0.477611940299
Precision:  0.64
---Settings 
c_values =  [3, 59, 58, 38, 2, 2, 2, 4, 7, 29, 3, 20, 5, 8, 12, 6, 10, 48, 7, 21, 14, 4, 8, 7, 4, 5, 10, 9, 10, 20,
                8, 8, 7, 11, 11, 9, 26, 14, 20, 13, 23, 51, 27, 22, 22, 46, 36, 54, 50, 7, 7, 2, 59, 55, 15, 39, 58, 36,
                59, 30, 18, 12, 19, 17, 50, 11, 28, 31, 11, 11, 26, 58, 2, 3, 2, 8, 6, 10, 10, 56, 48, 34, 36, 2, 3, 5,
                2, 4, 3, 2, 5, 5, 54, 47, 30, 5, 7, 7, 12, 9, 14, 56, 54, 31, 58, 15, 33, 24, 36, 51, 29, 44, 38, 24,
                34, 17, 56, 36, 43, 59]
	RANGE: 2 - 60 
	SVM-RAND: 100
	PREDICTION WINDOW: 20 
--------------------------------------------------------------
SVM-HMM (No sentiment data)

Accuracy: 0.525
F-Measure: 0.512820512821
Accuracy: 0.525
Recall: 0.44776119403
Precision:  0.6
C_values = [3, 41, 1, 38, 1, 2, 2, 4, 7, 29, 3, 20, 5, 8, 12, 6, 10, 48, 7, 21, 14, 4, 8, 7, 4, 5, 10, 9, 10, 20, 8,
                8, 7, 11, 11, 9, 26, 14, 20, 13, 23, 15, 27, 22, 22, 46, 36, 48, 45, 7, 7, 2, 1, 1, 15, 39, 48, 36, 31,
                30, 18, 12, 19, 17, 12, 11, 28, 31, 11, 1, 26, 45, 2, 3, 2, 8, 6, 10, 10, 47, 48, 34, 36, 1, 3, 5, 2, 4,
                3, 2, 5, 5, 22, 47, 30, 5, 7, 7, 12, 9, 14, 30, 11, 31, 16, 15, 33, 24, 36, 34, 29, 44, 38, 24, 34, 17,
                29, 36, 43, 35]