SVM-HMM (With Sentiment Data)
Accuracy: 0.616666666667
F-Measure: 0.622950819672
Recall: 0.575757575758
Precision:  0.678571428571
---Settings 
c_values = [12, 31, 24, 49, 45, 38, 35, 11, 9, 8, 6, 5, 11, 9, 7, 2, 1, 1, 27, 1, 1, 1, 3, 1, 2, 2, 1, 3, 1, 2, 3,
                4, 2, 1, 44, 45, 36, 5, 5, 9, 10, 30, 1, 32, 4, 1, 2, 9, 23, 23, 2, 1, 2, 1, 2, 1, 1, 1, 1, 1, 30, 1,
                12, 42, 1, 25, 1, 1, 1, 1, 1, 1, 1, 1, 1, 1, 1, 1, 1, 3, 1, 1, 1, 1, 1, 2, 8, 10, 1, 2, 2, 5, 4, 5, 4,
                4, 5, 2, 1, 1, 1, 1, 1, 1, 4, 30, 2, 3, 7, 14, 26, 24, 5, 4, 3, 49, 48, 41, 31, 1]
	SVM-RAND: 100
	PREDICTION WINDOW: 20 

----------------------------------------(With NO sentiment data)
Accuracy: 0.575
F-Measure: 0.564102564103
Recall: 0.5
Precision:  0.647058823529
--Settings
C_values= c_values = [4, 8, 2, 6, 2, 5, 5, 2, 1, 11, 10, 4, 6, 1, 9, 12, 14, 7, 6, 2, 26, 14, 13, 10, 1, 25, 15, 4, 12, 23, 1,
                3, 25, 27, 29, 2, 2, 2, 8, 13, 16, 21, 4, 14, 10, 25, 7, 3, 1, 6, 6, 1, 2, 3, 3, 4, 4, 4, 2, 4, 22, 4,
                1, 5, 7, 3, 11, 17, 10, 7, 4, 4, 1, 3, 14, 17, 15, 9, 7, 22, 26, 4, 5, 22, 26, 28, 11, 12, 26, 18, 21,
                23, 3, 28, 28, 26, 27, 3, 1, 1, 1, 4, 4, 4, 24, 27, 6, 22, 17, 27, 6, 5, 6, 6, 5, 3, 4, 4, 1, 9]

SVM-RAND:100
PREdiction window:20